# Eligible population: primes 5 <= p < 100000, with p > q.
# epsilon_q includes symbol-zero rows; balance_q excludes them.
q good eligible ramified epsilon_q balance_q
3 4816 9590 0 0.502189781 0.502189781
5 5253 9589 0 0.547815205 0.547815205
7 4766 9588 30 0.497079683 0.498639883
11 4734 9587 0 0.493793679 0.493793679
13 4809 9586 0 0.501669101 0.501669101
17 4694 9585 8 0.489723526 0.490132609
19 4811 9584 0 0.501982471 0.501982471
23 4749 9583 6 0.495565063 0.495875535
29 4806 9582 9 0.501565435 0.502036979
31 4757 9581 0 0.496503497 0.496503497
37 4889 9580 2 0.510334029 0.510440593
41 4809 9579 7 0.502035703 0.502402842
43 4741 9578 0 0.494988515 0.494988515
47 4865 9577 1 0.507987888 0.508040936
53 4851 9576 2 0.506578947 0.506684771
59 4744 9575 0 0.495456919 0.495456919
61 4795 9574 0 0.500835596 0.500835596
67 4768 9573 0 0.498067481 0.498067481
71 4794 9572 1 0.500835771 0.500888099
73 4762 9571 0 0.497544666 0.497544666
79 4784 9570 0 0.499895507 0.499895507
83 4889 9569 1 0.510920681 0.510974080
89 4724 9568 0 0.493729097 0.493729097
97 4865 9567 0 0.508518867 0.508518867
101 4821 9566 1 0.503972402 0.504025091
103 4771 9565 0 0.498797700 0.498797700
107 4757 9564 0 0.497386031 0.497386031
109 4678 9563 1 0.489177036 0.489228195
113 4782 9562 0 0.500104581 0.500104581
127 4762 9561 0 0.498065056 0.498065056
131 4769 9560 0 0.498849372 0.498849372
137 4828 9559 0 0.505073752 0.505073752
139 4797 9558 0 0.501883239 0.501883239
149 4828 9557 0 0.505179450 0.505179450
151 4769 9556 0 0.499058183 0.499058183
157 4724 9555 0 0.494400837 0.494400837
163 4882 9554 0 0.510990161 0.510990161
167 4799 9553 0 0.502355281 0.502355281
173 4718 9552 0 0.493927973 0.493927973
179 4758 9551 0 0.498167731 0.498167731
181 4760 9550 0 0.498429319 0.498429319
191 4815 9549 0 0.504241282 0.504241282
193 4813 9548 0 0.504084625 0.504084625
197 4831 9547 0 0.506022834 0.506022834
199 4773 9546 0 0.500000000 0.500000000
