r = 1:  h = x^(q-1) - (1+m0),  beta^(q-1) = 1+m0,  gamma = m0*beta

  q   m0    c  ord(c) degrees of h     ord(b)    ord(g)        L    density
  3    1    2       2 2                     4         4        4        1/2

  5    1    2       4 4                    16        16       16        1/2
  5    2    3       4 4                    16        16       16        1/2





  5    3    4       2 2+2                   8         8        8          1

  7    1    2       3 3+3                   9         9       18        4/9
  7    2    3       6 6                    36        36       36        1/2
  7    3    4       3 3+3                  18         9       18        4/9
  7    4    5       6 6                    36        36       36        1/2
  7    5    6       2 2+2+2                 4        12       12        1/2

 11    1    2      10 10                  100       100      100        1/2
 11    2    3       5 5+5                  50        25       50      12/25
 11    3    4       5 5+5                  25        25       50      12/25
 11    4    5       5 5+5                  50        50       50      12/25
 11    5    6      10 10                  100       100      100        1/2
 11    6    7      10 10                  100       100      100        1/2
 11    7    8      10 10                  100       100      100        1/2
 11    8    9       5 5+5                  50        25       50      12/25
 11    9   10       2 2+2+2+2+2             4        20       20        1/2

 13    1    2      12 12                  144       144      144        1/2
 13    2    3       3 3+3+3+3              36        18       36        8/9
 13    3    4       6 6+6                  72        72       72        1/9
 13    4    5       4 4+4+4                48        16       48        1/3
 13    5    6      12 12                  144       144      144        1/2
 13    6    7      12 12                  144       144      144        1/2
 13    7    8       4 4+4+4                48        48       48        1/3
 13    8    9       3 3+3+3+3               9        36       36        8/9
 13    9   10       6 6+6                  72        72       72        1/9
 13   10   11      12 12                  144       144      144        1/2
 13   11   12       2 2+2+2+2+2+2          24         8       24        2/3

 17    1    2       8 8+8                 128       128      128        1/2
 17    2    3      16 16                  256       256      256        1/2
 17    3    4       4 4+4+4+4              64        64       64          1
 17    4    5      16 16                  256       256      256        1/2
 17    5    6      16 16                  256       256      256        1/2
 17    6    7      16 16                  256       256      256        1/2
 17    7    8       8 8+8                 128       128      128        1/2
 17    8    9       8 8+8                 128       128      128        1/2
 17    9   10      16 16                  256       256      256        1/2
 17   10   11      16 16                  256       256      256        1/2
 17   11   12      16 16                  256       256      256        1/2
 17   12   13       4 4+4+4+4              64        64       64          1
 17   13   14      16 16                  256       256      256        1/2
 17   14   15       8 8+8                 128       128      128        1/2
 17   15   16       2 2+2+2+2+2+2+2+2       32        32       32          0

 19    1    2      18 18                  324       324      324        1/2
 19    2    3      18 18                  324       324      324        1/2
 19    3    4       9 9+9                  81       162      162      40/81
 19    4    5       9 9+9                 162       162      162      40/81
 19    5    6       9 9+9                 162       162      162      40/81
 19    6    7       3 3+3+3+3+3+3          27        27       54        4/9
 19    7    8       6 6+6+6               108       108      108        1/2
 19    8    9       9 9+9                  81       162      162      40/81
 19    9   10      18 18                  324       324      324        1/2
 19   10   11       3 3+3+3+3+3+3          54        27       54        4/9
 19   11   12       6 6+6+6               108       108      108        1/2
 19   12   13      18 18                  324       324      324        1/2
 19   13   14      18 18                  324       324      324        1/2
 19   14   15      18 18                  324       324      324        1/2
 19   15   16       9 9+9                 162        81      162      40/81
 19   16   17       9 9+9                 162       162      162      40/81
 19   17   18       2 2+2+2+2+2+2+2+2+2        4        36       36        1/2

densities observed across the r = 1 family:
   0        x1
   1/9      x2
   1/3      x2
   4/9      x4
   12/25    x4
   40/81    x6
   1/2      x36
   2/3      x1
   8/9      x2
   1        x3
